21 points
-1.0000 -2.0000 0.0000 0.0000 1.0000 0.0000 0.0000 0.0000
-0.9000 -1.4580 0.0000 0.0000 1.0000 0.0000 0.0000 0.0000
-0.8000 -1.0240 0.0000 0.0000 1.0000 0.0000 0.0000 0.0000
-0.7000 -0.6860 0.0000 0.0000 1.0000 0.0000 0.0000 0.0000
-0.6000 -0.4320 0.0000 0.0000 1.0000 0.0000 0.0000 0.0000
-0.5000 -0.2500 0.0000 0.0000 1.0000 0.0000 0.0000 0.0000
-0.4000 -0.1280 0.0000 0.0000 1.0000 0.0000 0.0000 0.0000
-0.3000 -0.0540 0.0000 0.0000 1.0000 0.0000 0.0000 0.0000
-0.2000 -0.0160 0.0000 0.0000 1.0000 0.0000 0.0000 0.0000
-0.1000 -0.0020 0.0000 0.0000 1.0000 0.0000 0.0000 0.0000
0.0000 0.0000 0.0000 0.0000 1.0000 0.0000 0.0000 0.0000
0.1000 0.0020 0.0000 0.0000 1.0000 0.0000 0.0000 0.0000
0.2000 0.0160 0.0000 0.0000 1.0000 0.0000 0.0000 0.0000
0.3000 0.0540 0.0000 0.0000 1.0000 0.0000 0.0000 0.0000
0.4000 0.1280 0.0000 0.0000 1.0000 0.0000 0.0000 0.0000
0.5000 0.2500 0.0000 0.0000 1.0000 0.0000 0.0000 0.0000
0.6000 0.4320 0.0000 0.0000 1.0000 0.0000 0.0000 0.0000
0.7000 0.6860 0.0000 0.0000 1.0000 0.0000 0.0000 0.0000
0.8000 1.0240 0.0000 0.0000 1.0000 0.0000 0.0000 0.0000
0.9000 1.4580 0.0000 0.0000 1.0000 0.0000 0.0000 0.0000
1.0000 2.0000 0.0000 0.0000 0.0000 0.0000 0.0000 0.0000
