181 points
1.0000 0.0000 0.0000 1.0000 0.0000 0.0000 0.0000 0.0000
0.9950 0.0998 0.0100 1.0000 0.1667 0.0000 0.0000 0.0000
0.9801 0.1987 0.0200 1.0000 0.3333 0.0000 0.0000 0.0000
0.9553 0.2955 0.0300 1.0000 0.5000 0.0000 0.0000 0.0000
0.9211 0.3894 0.0400 1.0000 0.6667 0.0000 0.0000 0.0000
0.8776 0.4794 0.0500 1.0000 0.8333 0.0000 0.0000 0.0000
0.8253 0.5646 0.0600 1.0000 1.0000 0.0000 0.0000 0.0000
0.7648 0.6442 0.0700 0.8333 1.0000 0.0000 0.0000 0.0000
0.6967 0.7174 0.0800 0.6667 1.0000 0.0000 0.0000 0.0000
0.6216 0.7833 0.0900 0.5000 1.0000 0.0000 0.0000 0.0000
0.5403 0.8415 0.1000 0.3333 1.0000 0.0000 0.0000 0.0000
0.4536 0.8912 0.1100 0.1667 1.0000 0.0000 0.0000 0.0000
0.3624 0.9320 0.1200 0.0000 1.0000 0.0000 0.0000 0.0000
0.2675 0.9636 0.1300 0.0000 1.0000 0.1667 0.0000 0.0000
0.1700 0.9854 0.1400 0.0000 1.0000 0.3333 0.0000 0.0000
0.0707 0.9975 0.1500 0.0000 1.0000 0.5000 0.0000 0.0000
-0.0292 0.9996 0.1600 0.0000 1.0000 0.6667 0.0000 0.0000
-0.1288 0.9917 0.1700 0.0000 1.0000 0.8333 0.0000 0.0000
-0.2272 0.9738 0.1800 0.0000 1.0000 1.0000 0.0000 0.0000
-0.3233 0.9463 0.1900 0.0000 0.8333 1.0000 0.0000 0.0000
-0.4161 0.9093 0.2000 0.0000 0.6667 1.0000 0.0000 0.0000
-0.5048 0.8632 0.2100 0.0000 0.5000 1.0000 0.0000 0.0000
-0.5885 0.8085 0.2200 0.0000 0.3333 1.0000 0.0000 0.0000
-0.6663 0.7457 0.2300 0.0000 0.1667 1.0000 0.0000 0.0000
-0.7374 0.6755 0.2400 0.0000 0.0167 1.0000 0.0000 0.0000
-0.8011 0.5985 0.2500 0.1500 0.0000 1.0000 0.0000 0.0000
-0.8569 0.5155 0.2600 0.3167 0.0000 1.0000 0.0000 0.0000
-0.9041 0.4274 0.2700 0.4833 0.0000 1.0000 0.0000 0.0000
-0.9422 0.3350 0.2800 0.6500 0.0000 1.0000 0.0000 0.0000
-0.9710 0.2392 0.2900 0.8167 0.0000 1.0000 0.0000 0.0000
-0.9900 0.1411 0.3000 0.9833 0.0000 1.0000 0.0000 0.0000
-0.9991 0.0416 0.3100 1.0000 0.0000 0.8500 0.0000 0.0000
-0.9983 -0.0584 0.3200 1.0000 0.0000 0.6833 0.0000 0.0000
-0.9875 -0.1577 0.3300 1.0000 0.0000 0.5167 0.0000 0.0000
-0.9668 -0.2555 0.3400 1.0000 0.0000 0.3500 0.0000 0.0000
-0.9365 -0.3508 0.3500 1.0000 0.0000 0.1833 0.0000 0.0000
-0.8968 -0.4425 0.3600 1.0000 0.0000 0.0167 0.0000 0.0000
-0.8481 -0.5298 0.3700 1.0000 0.1500 0.0000 0.0000 0.0000
-0.7910 -0.6119 0.3800 1.0000 0.3167 0.0000 0.0000 0.0000
-0.7259 -0.6878 0.3900 1.0000 0.4833 0.0000 0.0000 0.0000
-0.6536 -0.7568 0.4000 1.0000 0.6500 0.0000 0.0000 0.0000
-0.5748 -0.8183 0.4100 1.0000 0.8167 0.0000 0.0000 0.0000
-0.4903 -0.8716 0.4200 1.0000 0.9833 0.0000 0.0000 0.0000
-0.4008 -0.9162 0.4300 0.8500 1.0000 0.0000 0.0000 0.0000
-0.3073 -0.9516 0.4400 0.6833 1.0000 0.0000 0.0000 0.0000
-0.2108 -0.9775 0.4500 0.5167 1.0000 0.0000 0.0000 0.0000
-0.1122 -0.9937 0.4600 0.3500 1.0000 0.0000 0.0000 0.0000
-0.0124 -0.9999 0.4700 0.1833 1.0000 0.0000 0.0000 0.0000
0.0875 -0.9962 0.4800 0.0167 1.0000 0.0000 0.0000 0.0000
0.1865 -0.9825 0.4900 0.0000 1.0000 0.1500 0.0000 0.0000
0.2837 -0.9589 0.5000 0.0000 1.0000 0.3167 0.0000 0.0000
0.3780 -0.9258 0.5100 0.0000 1.0000 0.4833 0.0000 0.0000
0.4685 -0.8835 0.5200 0.0000 1.0000 0.6500 0.0000 0.0000
0.5544 -0.8323 0.5300 0.0000 1.0000 0.8167 0.0000 0.0000
0.6347 -0.7728 0.5400 0.0000 1.0000 0.9833 0.0000 0.0000
0.7087 -0.7055 0.5500 0.0000 0.8500 1.0000 0.0000 0.0000
0.7756 -0.6313 0.5600 0.0000 0.6833 1.0000 0.0000 0.0000
0.8347 -0.5507 0.5700 0.0000 0.5167 1.0000 0.0000 0.0000
0.8855 -0.4646 0.5800 0.0000 0.3500 1.0000 0.0000 0.0000
0.9275 -0.3739 0.5900 0.0000 0.1833 1.0000 0.0000 0.0000
0.9602 -0.2794 0.6000 0.0000 0.0167 1.0000 0.0000 0.0000
0.9833 -0.1822 0.6100 0.1500 0.0000 1.0000 0.0000 0.0000
0.9965 -0.0831 0.6200 0.3167 0.0000 1.0000 0.0000 0.0000
0.9999 0.0168 0.6300 0.4833 0.0000 1.0000 0.0000 0.0000
0.9932 0.1165 0.6400 0.6500 0.0000 1.0000 0.0000 0.0000
0.9766 0.2151 0.6500 0.8167 0.0000 1.0000 0.0000 0.0000
0.9502 0.3115 0.6600 0.9833 0.0000 1.0000 0.0000 0.0000
0.9144 0.4048 0.6700 1.0000 0.0000 0.8500 0.0000 0.0000
0.8694 0.4941 0.6800 1.0000 0.0000 0.6833 0.0000 0.0000
0.8157 0.5784 0.6900 1.0000 0.0000 0.5167 0.0000 0.0000
0.7539 0.6570 0.7000 1.0000 0.0000 0.3500 0.0000 0.0000
0.6845 0.7290 0.7100 1.0000 0.0000 0.1833 0.0000 0.0000
0.6084 0.7937 0.7200 1.0000 0.0000 0.0167 0.0000 0.0000
0.5261 0.8504 0.7300 1.0000 0.1500 0.0000 0.0000 0.0000
0.4386 0.8987 0.7400 1.0000 0.3167 0.0000 0.0000 0.0000
0.3466 0.9380 0.7500 1.0000 0.4833 0.0000 0.0000 0.0000
0.2513 0.9679 0.7600 1.0000 0.6500 0.0000 0.0000 0.0000
0.1534 0.9882 0.7700 1.0000 0.8167 0.0000 0.0000 0.0000
0.0540 0.9985 0.7800 1.0000 0.9833 0.0000 0.0000 0.0000
-0.0460 0.9989 0.7900 0.8500 1.0000 0.0000 0.0000 0.0000
-0.1455 0.9894 0.8000 0.6833 1.0000 0.0000 0.0000 0.0000
-0.2435 0.9699 0.8100 0.5167 1.0000 0.0000 0.0000 0.0000
-0.3392 0.9407 0.8200 0.3500 1.0000 0.0000 0.0000 0.0000
-0.4314 0.9022 0.8300 0.1833 1.0000 0.0000 0.0000 0.0000
-0.5193 0.8546 0.8400 0.0167 1.0000 0.0000 0.0000 0.0000
-0.6020 0.7985 0.8500 0.0000 1.0000 0.1500 0.0000 0.0000
-0.6787 0.7344 0.8600 0.0000 1.0000 0.3167 0.0000 0.0000
-0.7486 0.6630 0.8700 0.0000 1.0000 0.4833 0.0000 0.0000
-0.8111 0.5849 0.8800 0.0000 1.0000 0.6500 0.0000 0.0000
-0.8654 0.5010 0.8900 0.0000 1.0000 0.8167 0.0000 0.0000
-0.9111 0.4121 0.9000 0.0000 1.0000 0.9833 0.0000 0.0000
-0.9477 0.3191 0.9100 0.0000 0.8500 1.0000 0.0000 0.0000
-0.9748 0.2229 0.9200 0.0000 0.6833 1.0000 0.0000 0.0000
-0.9922 0.1245 0.9300 0.0000 0.5167 1.0000 0.0000 0.0000
-0.9997 0.0248 0.9400 0.0000 0.3500 1.0000 0.0000 0.0000
-0.9972 -0.0752 0.9500 0.0000 0.1667 1.0000 0.0000 0.0000
-0.9847 -0.1743 0.9600 0.0000 0.0000 1.0000 0.0000 0.0000
-0.9624 -0.2718 0.9700 0.1667 0.0000 1.0000 0.0000 0.0000
-0.9304 -0.3665 0.9800 0.3333 0.0000 1.0000 0.0000 0.0000
-0.8892 -0.4575 0.9900 0.5000 0.0000 1.0000 0.0000 0.0000
-0.8391 -0.5440 1.0000 0.6667 0.0000 1.0000 0.0000 0.0000
-0.7806 -0.6251 1.0100 0.8333 0.0000 1.0000 0.0000 0.0000
-0.7143 -0.6999 1.0200 1.0000 0.0000 1.0000 0.0000 0.0000
-0.6408 -0.7677 1.0300 1.0000 0.0000 0.8333 0.0000 0.0000
-0.5610 -0.8278 1.0400 1.0000 0.0000 0.6667 0.0000 0.0000
-0.4755 -0.8797 1.0500 1.0000 0.0000 0.5000 0.0000 0.0000
-0.3853 -0.9228 1.0600 1.0000 0.0000 0.3333 0.0000 0.0000
-0.2913 -0.9566 1.0700 1.0000 0.0000 0.1667 0.0000 0.0000
-0.1943 -0.9809 1.0800 1.0000 0.0000 0.0000 0.0000 0.0000
-0.0954 -0.9954 1.0900 1.0000 0.1667 0.0000 0.0000 0.0000
0.0044 -1.0000 1.1000 1.0000 0.3333 0.0000 0.0000 0.0000
0.1042 -0.9946 1.1100 1.0000 0.5000 0.0000 0.0000 0.0000
0.2030 -0.9792 1.1200 1.0000 0.6667 0.0000 0.0000 0.0000
0.2998 -0.9540 1.1300 1.0000 0.8333 0.0000 0.0000 0.0000
0.3935 -0.9193 1.1400 1.0000 1.0000 0.0000 0.0000 0.0000
0.4833 -0.8754 1.1500 0.8333 1.0000 0.0000 0.0000 0.0000
0.5683 -0.8228 1.1600 0.6667 1.0000 0.0000 0.0000 0.0000
0.6476 -0.7620 1.1700 0.5000 1.0000 0.0000 0.0000 0.0000
0.7204 -0.6935 1.1800 0.3333 1.0000 0.0000 0.0000 0.0000
0.7861 -0.6181 1.1900 0.1667 1.0000 0.0000 0.0000 0.0000
0.8439 -0.5366 1.2000 0.0000 1.0000 0.0000 0.0000 0.0000
0.8932 -0.4496 1.2100 0.0000 1.0000 0.1667 0.0000 0.0000
0.9336 -0.3582 1.2200 0.0000 1.0000 0.3333 0.0000 0.0000
0.9647 -0.2632 1.2300 0.0000 1.0000 0.5000 0.0000 0.0000
0.9862 -0.1656 1.2400 0.0000 1.0000 0.6667 0.0000 0.0000
0.9978 -0.0663 1.2500 0.0000 1.0000 0.8333 0.0000 0.0000
0.9994 0.0336 1.2600 0.0000 1.0000 1.0000 0.0000 0.0000
0.9911 0.1332 1.2700 0.0000 0.8333 1.0000 0.0000 0.0000
0.9728 0.2315 1.2800 0.0000 0.6667 1.0000 0.0000 0.0000
0.9449 0.3275 1.2900 0.0000 0.5000 1.0000 0.0000 0.0000
0.9074 0.4202 1.3000 0.0000 0.3333 1.0000 0.0000 0.0000
0.8610 0.5087 1.3100 0.0000 0.1667 1.0000 0.0000 0.0000
0.8059 0.5921 1.3200 0.0000 0.0000 1.0000 0.0000 0.0000
0.7427 0.6696 1.3300 0.1667 0.0000 1.0000 0.0000 0.0000
0.6722 0.7404 1.3400 0.3333 0.0000 1.0000 0.0000 0.0000
0.5949 0.8038 1.3500 0.5000 0.0000 1.0000 0.0000 0.0000
0.5117 0.8592 1.3600 0.6667 0.0000 1.0000 0.0000 0.0000
0.4234 0.9060 1.3700 0.8333 0.0000 1.0000 0.0000 0.0000
0.3308 0.9437 1.3800 1.0000 0.0000 1.0000 0.0000 0.0000
0.2349 0.9720 1.3900 1.0000 0.0000 0.8333 0.0000 0.0000
0.1367 0.9906 1.4000 1.0000 0.0000 0.6667 0.0000 0.0000
0.0371 0.9993 1.4100 1.0000 0.0000 0.5000 0.0000 0.0000
-0.0628 0.9980 1.4200 1.0000 0.0000 0.3333 0.0000 0.0000
-0.1621 0.9868 1.4300 1.0000 0.0000 0.1667 0.0000 0.0000
-0.2598 0.9657 1.4400 1.0000 0.0000 0.0000 0.0000 0.0000
-0.3549 0.9349 1.4500 1.0000 0.1667 0.0000 0.0000 0.0000
-0.4465 0.8948 1.4600 1.0000 0.3333 0.0000 0.0000 0.0000
-0.5336 0.8457 1.4700 1.0000 0.5000 0.0000 0.0000 0.0000
-0.6154 0.7882 1.4800 1.0000 0.6667 0.0000 0.0000 0.0000
-0.6910 0.7229 1.4900 1.0000 0.8333 0.0000 0.0000 0.0000
-0.7597 0.6503 1.5000 1.0000 1.0000 0.0000 0.0000 0.0000
-0.8208 0.5712 1.5100 0.8333 1.0000 0.0000 0.0000 0.0000
-0.8737 0.4864 1.5200 0.6667 1.0000 0.0000 0.0000 0.0000
-0.9179 0.3967 1.5300 0.5000 1.0000 0.0000 0.0000 0.0000
-0.9530 0.3031 1.5400 0.3333 1.0000 0.0000 0.0000 0.0000
-0.9785 0.2064 1.5500 0.1667 1.0000 0.0000 0.0000 0.0000
-0.9942 0.1077 1.5600 0.0000 1.0000 0.0000 0.0000 0.0000
-1.0000 0.0079 1.5700 0.0000 1.0000 0.1667 0.0000 0.0000
-0.9958 -0.0919 1.5800 0.0000 1.0000 0.3333 0.0000 0.0000
-0.9816 -0.1909 1.5900 0.0000 1.0000 0.5000 0.0000 0.0000
-0.9577 -0.2879 1.6000 0.0000 1.0000 0.6667 0.0000 0.0000
-0.9241 -0.3821 1.6100 0.0000 1.0000 0.8333 0.0000 0.0000
-0.8814 -0.4724 1.6200 0.0000 1.0000 1.0000 0.0000 0.0000
-0.8298 -0.5581 1.6300 0.0000 0.8333 1.0000 0.0000 0.0000
-0.7699 -0.6381 1.6400 0.0000 0.6667 1.0000 0.0000 0.0000
-0.7024 -0.7118 1.6500 0.0000 0.5000 1.0000 0.0000 0.0000
-0.6278 -0.7784 1.6600 0.0000 0.3333 1.0000 0.0000 0.0000
-0.5470 -0.8372 1.6700 0.0000 0.1667 1.0000 0.0000 0.0000
-0.4607 -0.8876 1.6800 0.0000 0.0000 1.0000 0.0000 0.0000
-0.3697 -0.9291 1.6900 0.1667 0.0000 1.0000 0.0000 0.0000
-0.2751 -0.9614 1.7000 0.3333 0.0000 1.0000 0.0000 0.0000
-0.1778 -0.9841 1.7100 0.5000 0.0000 1.0000 0.0000 0.0000
-0.0786 -0.9969 1.7200 0.6667 0.0000 1.0000 0.0000 0.0000
0.0213 -0.9998 1.7300 0.8333 0.0000 1.0000 0.0000 0.0000
0.1210 -0.9927 1.7400 1.0000 0.0000 1.0000 0.0000 0.0000
0.2195 -0.9756 1.7500 1.0000 0.0000 0.8333 0.0000 0.0000
0.3158 -0.9488 1.7600 1.0000 0.0000 0.6667 0.0000 0.0000
0.4089 -0.9126 1.7700 1.0000 0.0000 0.5000 0.0000 0.0000
0.4980 -0.8672 1.7800 1.0000 0.0000 0.3333 0.0000 0.0000
0.5821 -0.8131 1.7900 1.0000 0.0000 0.1667 0.0000 0.0000
0.6603 -0.7510 1.8000 1.0000 0.0000 0.0000 0.0000 0.0000
